00000000000000000000000000000000000000000000000000000000000000000000000000000000
00099000000000000000000000000090000000000000000000000000000000009000000000000000
00900900000000000000000000000090000000000000000000000000000000000000000000000000
09000090000099999900999999000090999900009000000900900000090000099000000099990900
90000009000900000000900000900099000090009000000900090000900000009000000900009900
90000009009000000000900000090090000009009000000900009009000000009000009000000900
90000009000900000000900000090090000009009000000900000990000000009000009000000900
99999999000099990000900000090090000009009000000900000990000000009000009000000900
90000009000000009000900000090090000009009000000900000990000000009000009000000900
90000009000000000900900000090090000009009000000900009009000000009000009000000900
90000009000000009000900000900090000009000900000900090000900000009000000900009900
90000009009999990000999999000090000009000099999900900000090000099900000099990900
00000000000000000000900000000000000000000000000900000000000000000000000000000000
00000000000000000000900000000000000000000000000900000000000000000000000000000000
00000000000000000000900000000000000000000000000900000000000000000000000000000000
00000000000000000000900000000000000000000000000900000000000000000000000000000000
00000000000000000000900000000000000000009000009000000000000000000000000000000000
00000000000000000000900000000000000000000999990000000000000000000000000000000000
00000000000000000000000000000000000000000000000000000000000000000000000000000000
00000000000000000000000000000000000000000000000000000000000000000000000000000000
66666666660006660000000000000000660000000000000000006660000000066600000660000000
69999999996006960000000000000006996000000006666666666960000000069600006996000000
69666666669606960000000000000069669600000069999999996996000000699600069669600000
69600000006966960000000000000696006960000696666666666999600006999600696006960000
69600000000696960000000000006960000696006996000000006969960069969606960000696000
69600000000696960000000000069600000069606960000000006966960069669669600000069600
69600000000696960000000000696000000006969600000000006966996699669696000000006960
69600000000696960000000000696000000006969600000000006960699996069696000000006960
69600000000696960000000000696000000006966960000000006960069960069696000000006960
69600000000696960000000000696000000006966996000000006960066660069696000000006960
69600000000696960000000000696000000006960696666600006960000000069696000000006960
69600000006966960000000000696000000006960069999960006960000000069696000000006960
69666666669606960000000000696666666666960006666696006960000000069696666666666960
69999999996006960000000000699999999999960000000699606960000000069699999999999960
69666666660006960000000000696666666666960000000069606960000000069696666666666960
69600000000006960000000000696000000006960000000006966960000000069696000000006960
69600000000006960000000000696000000006960000000006966960000000069696000000006960
69600000000006960000000000696000000006960000000069606960000000069696000000006960
69600000000006960000000000696000000006960000000699606960000000069696000000006960
69600000000006966666666666696000000006966666666696006960000000069696000000006960
69600000000006999999999999696000000006969999999996006960000000069696000000006960
66600000000006666666666666666000000006666666666660006660000000066666000000006660
00000000000000000000000000000000000000000000000000000000000000000000000000000000
00000000000000000000000000000000000000000000000000000000000000000000000000000000
00000000000000000000000000000000000000000000000000000000000000000000000000000000
00000000009999009000900000099990099999090009099999090009009990099990000000000000
00000000009000900909000000090009090000099009000900090009090009090009000000000000
00000000009099000090000000090009099900090909000900099999090009099990000000000000
00000000009000900090000000090009090000090099000900090009090009090090000000000000
00000000009999000090000000099990099999090009000900090009009990090009000000000000
